<http://data.bibliotheken.nl/id/thes/p075599635>	archeologie
<http://data.bibliotheken.nl/id/thes/p075604906>	Egyptische Oudheid
<http://data.bibliotheken.nl/id/thes/p075619385>	prehistorie